    6
 1            0.0000  0.0336  0.0684  0.0161  0.0163  0.0265  
 2            0.0336  0.0000  0.0923  0.0311  0.0343  0.0457  
 3            0.0684  0.0923  0.0000  0.0667  0.0789  0.0610  
 4            0.0161  0.0311  0.0667  0.0000  0.0244  0.0211  
 5            0.0163  0.0343  0.0789  0.0244  0.0000  0.0373  
 6            0.0265  0.0457  0.0610  0.0211  0.0373  0.0000  
